Result on independent test for S
---------------------------------------------------------------------------
Sensitivity : 0.3911764705882353
Specificity : 0.7788598574821852
Accuracy : 0.7498901098901098
MCC : 0.10563010679939833
Result on independent test for T
---------------------------------------------------------------------------
Sensitivity : 0.5826771653543307
Specificity : 0.7573529411764706
Accuracy : 0.7417195207892883
MCC : 0.21786126411538742
