Result on independent test for S
---------------------------------------------------------------------------
Sensitivity : 0.31176470588235294
Specificity : 0.6781472684085511
Accuracy : 0.6507692307692308
MCC : -0.005681364126138007
Result on independent test for T
---------------------------------------------------------------------------
Sensitivity : 0.09448818897637795
Specificity : 0.9284055727554179
Accuracy : 0.8537702607470049
MCC : 0.02502141323367788
